Animaçii monstrov.
1 - animaçija jestj, 0 - netu.

         0  1  2  3  4  5  6  7  8  9 10 11 12 13 14 15 16 17 18 19

heronew  1  0  1  0  1  1  1  1  0  0  0  0  1  1  1  1  0  0  0  0  
joker6   1  0  1  1  1  1  1  1  1  1  1  1  1  0  1  1  1  1  0  0  
spider   1  0  1  0  0  0  0  0  1  1  1  0  0  0  1  0  1  1  0  0  
wman     1  0  1  1  0  1  1  1  1  1  1  1  1  0  0  1  1  0  0  0  
scelet3  1  0  1  1  0  1  1  1  1  1  1  1  1  1  1  1  1  0  0  0  
pant1    1  0  1  1  1  1  1  1  1  1  0  1  1  0  0  1  1  1  0  0  
mongf    1  0  1  1  1  1  1  1  1  1  1  1  1  0  0  0  1  1  0  0  
faust1   1  0  1  1  1  1  1  1  1  1  0  1  1  0  0  0  1  1  0  0  
tt_tower 1  0  1  1  0  1  1  1  0  1  0  0  0  0  0  0  1  0  0  0  
SFAG     1  0  1  0  0  1  1  1  1  1  0  1  1  0  0  0  1  0  0  0  
deadman1 1  0  1  0  0  1  1  1  1  1  1  1  1  0  0  0  1  0  0  0  
hog      1  0  1  0  0  0  1  1  1  1  1  0  0  0  0  0  1  1  0  0  
an4      1  0  1  0  0  1  1  1  1  1  1  1  1  0  0  0  1  1  0  0  
mr2f     1  0  1  0  0  1  1  1  1  1  1  0  0  0  0  0  1  1  0  0  
jr       1  0  1  0  0  0  1  1  1  1  1  0  0  0  0  0  1  1  0  0  
viking4  1  0  1  0  0  0  1  1  1  1  1  1  1  0  0  0  1  1  0  0  
lion4    1  0  1  0  0  0  1  1  1  1  1  1  1  0  0  0  1  1  0  0  
gross3   1  0  1  0  0  1  1  1  0  1  1  1  1  0  0  0  1  1  0  0  
SPHINX1  1  0  1  0  0  1  0  1  0  1  1  0  0  0  0  1  1  0  0  0  
phant4   1  0  1  0  0  1  0  1  0  1  0  0  0  0  0  0  0  0  0  0  
worm     1  0  1  0  0  1  0  1  0  1  1  0  0  0  1  0  1  0  0  0
